1360573369 YNDX 5600.0 15.0
1360573369 GAZP 215.0 50.0
504965922 YNDX 5600.0 15.0
1360573369 AAPL 870.0 90.0
504965922 GAZP 215.0 50.0
1360573369 TSLA 486.875 51.0
504965922 AAPL 870.0 90.0
504965922 TSLA 486.875 51.0
504965922 MSFT 320.0 15.0
504965922 FB 380.0 10.0
864817045 BTC-USD 30000.0 2.0
374848042 TSLA 477.5 42.0
1360573369 NVDA 400.0 10.0
374848042 BABA 200.0 10.0
374848042 BTC-USD 40000.0 0.5
1360573369 BTC/USD 60000.0 0.1
193359626 TSLA 452.5 31.0
193359626 ALFA 300.0 30.0
1360573369 ALFA 300.0 10.0
883802122 AAPL 880.0 10.0
883802122 GOOGL 2900.0 100.0
1462421326 SHIB 0.0 10004.0
374848042 BTCUSD 1.0 40000.0
904901503 TSLA 427.5 37.0
481612569 TSLA 440.0 30.0
427596196 TSLA 465.0 35.0
388570566 MSFT 262.17 1.0
388570566 GAZP 220.59 80.0
1723427835 TSLA 385.0 100.0
1723427835 AAPL 30.0 11.0
